1,0
0.999998875000211,-0.00149999943750006
0.999998879504709,-0.00149699342885101
0.999998884000171,-0.00149398742018842
0.999998888486598,-0.00149098141151234
0.999998892963988,-0.00148797540282278
0.999998897432341,-0.00148496939411978
0.999998901891659,-0.00148196338540336
0.999998906341941,-0.00147895737667354
0.999998910783187,-0.00147595136793037
0.999998915215396,-0.00147294535917385
0.999998919638569,-0.00146993935040403
0.999998924052707,-0.00146693334162093
0.999998928457808,-0.00146392733282456
0.999998932853873,-0.00146092132401498
0.999998937240902,-0.00145791531519219
0.999998941618895,-0.00145490930635622
0.999998945987852,-0.00145190329750711
0.999998950347773,-0.00144889728864488
0.999998954698657,-0.00144589127976956
0.999998959040506,-0.00144288527088117
0.999998963373318,-0.00143987926197974
0.999998967697095,-0.00143687325306531
0.999998972011835,-0.00143386724413789
0.999998976317539,-0.00143086123519751
0.999998980614207,-0.0014278552262442
0.999998984901839,-0.001424849217278
0.999998989180435,-0.00142184320829891
0.999998993449994,-0.00141883719930698
0.999998997710518,-0.00141583119030223
0.999999001962006,-0.00141282518128468
0.999999006204457,-0.00140981917225437
0.999999010437872,-0.00140681316321132
0.999999014662251,-0.00140380715415555
0.999999018877595,-0.0014008011450871
0.999999023083902,-0.001397795136006
0.999999027281173,-0.00139478912691226
0.999999031469407,-0.00139178311780592
0.999999035648606,-0.001388777108687
0.999999039818769,-0.00138577109955554
0.999999043979895,-0.00138276509041155
0.999999048131986,-0.00137975908125506
0.99999905227504,-0.00137675307208611
0.999999056409058,-0.00137374706290472
0.999999060534041,-0.00137074105371092
0.999999064649987,-0.00136773504450473
0.999999068756896,-0.00136472903528618
0.99999907285477,-0.0013617230260553
0.999999076943608,-0.00135871701681211
0.99999908102341,-0.00135571100755665
0.999999085094175,-0.00135270499828893
0.999999089155905,-0.00134969898900899
0.999999093208598,-0.00134669297971686
0.999999097252255,-0.00134368697041256
0.999999101286876,-0.00134068096109612
0.999999105312462,-0.00133767495176756
0.99999910932901,-0.00133466894242691
0.999999113336523,-0.00133166293307421
0.999999117335,-0.00132865692370947
0.999999121324441,-0.00132565091433272
0.999999125304845,-0.001322644904944
0.999999129276214,-0.00131963889554332
0.999999133238546,-0.00131663288613072
0.999999137191842,-0.00131362687670623
0.999999141136102,-0.00131062086726986
0.999999145071326,-0.00130761485782165
0.999999148997514,-0.00130460884836162
0.999999152914666,-0.00130160283888981
0.999999156822782,-0.00129859682940623
0.999999160721861,-0.00129559081991092
0.999999164611905,-0.00129258481040391
0.999999168492912,-0.00128957880088521
0.999999172364884,-0.00128657279135486
0.999999176227819,-0.00128356678181289
0.999999180081718,-0.00128056077225931
0.999999183926581,-0.00127755476269417
0.999999187762408,-0.00127454875311748
0.999999191589199,-0.00127154274352927
0.999999195406954,-0.00126853673392958
0.999999199215672,-0.00126553072431842
0.999999203015355,-0.00126252471469582
0.999999206806001,-0.00125951870506182
0.999999210587612,-0.00125651269541644
0.999999214360186,-0.0012535066857597
0.999999218123724,-0.00125050067609164
0.999999221878226,-0.00124749466641227
0.999999225623692,-0.00124448865672164
0.999999229360122,-0.00124148264701975
0.999999233087515,-0.00123847663730665
0.999999236805873,-0.00123547062758236
0.999999240515195,-0.00123246461784691
0.99999924421548,-0.00122945860810032
0.999999247906729,-0.00122645259834262
0.999999251588942,-0.00122344658857383
0.99999925526212,-0.00122044057879399
0.999999258926261,-0.00121743456900313
0.999999262581365,-0.00121442855920126
0.999999266227434,-0.00121142254938842
0.999999269864467,-0.00120841653956463
0.999999273492464,-0.00120541052972992
0.999999277111424,-0.00120240451988432
0.999999280721348,-0.00119939851002786
0.999999284322237,-0.00119639250016056
0.999999287914089,-0.00119338649028244
0.999999291496905,-0.00119038048039355
0.999999295070685,-0.0011873744704939
0.999999298635429,-0.00118436846058351
0.999999302191137,-0.00118136245066243
0.999999305737808,-0.00117835644073067
0.999999309275444,-0.00117535043078826
0.999999312804043,-0.00117234442083524
0.999999316323607,-0.00116933841087161
0.999999319834134,-0.00116633240089743
0.999999323335625,-0.0011633263909127
0.99999932682808,-0.00116032038091746
0.999999330311499,-0.00115731437091174
0.999999333785882,-0.00115430836089556
0.999999337251229,-0.00115130235086895
0.999999340707539,-0.00114829634083193
0.999999344154814,-0.00114529033078454
0.999999347593053,-0.0011422843207268
0.999999351022255,-0.00113927831065874
0.999999354442421,-0.00113627230058039
0.999999357853551,-0.00113326629049176
0.999999361255645,-0.0011302602803929
0.999999364648703,-0.00112725427028382
0.999999368032725,-0.00112424826016456
0.999999371407711,-0.00112124225003514
0.99999937477366,-0.00111823623989558
0.999999378130574,-0.00111523022974593
0.999999381478451,-0.00111222421958619
0.999999384817293,-0.0011092182094164
0.999999388147098,-0.0011062121992366
0.999999391467867,-0.00110320618904679
0.9999993947796,-0.00110020017884702
0.999999398082297,-0.0010971941686373
0.999999401375958,-0.00109418815841768
0.999999404660583,-0.00109118214818816
0.999999407936171,-0.00108817613794878
0.999999411202724,-0.00108517012769957
0.99999941446024,-0.00108216411744056
0.99999941770872,-0.00107915810717177
0.999999420948165,-0.00107615209689322
0.999999424178573,-0.00107314608660495
0.999999427399945,-0.00107014007630699
0.99999943061228,-0.00106713406599935
0.99999943381558,-0.00106412805568207
0.999999437009844,-0.00106112204535518
0.999999440195071,-0.0010581160350187
0.999999443371263,-0.00105511002467265
0.999999446538418,-0.00105210401431707
0.999999449696538,-0.00104909800395199
0.999999452845621,-0.00104609199357742
0.999999455985668,-0.00104308598319341
0.999999459116679,-0.00104007997279996
0.999999462238654,-0.00103707396239712
0.999999465351592,-0.00103406795198491
0.999999468455495,-0.00103106194156336
0.999999471550362,-0.00102805593113248
0.999999474636192,-0.00102504992069232
0.999999477712986,-0.00102204391024289
0.999999480780745,-0.00101903789978423
0.999999483839467,-0.00101603188931637
0.999999486889153,-0.00101302587883932
0.999999489929803,-0.00101001986835311
0.999999492961417,-0.00100701385785778
0.999999495983994,-0.00100400784735336
0.999999498997536,-0.00100100183683985
0.999999502002041,-0.000997995826317307
0.999999504997511,-0.000994989815785742
0.999999507983944,-0.000991983805245187
0.999999510961341,-0.000988977794695667
0.999999513929702,-0.000985971784137212
0.999999516889027,-0.000982965773569847
0.999999519839316,-0.000979959762993599
0.999999522780569,-0.000976953752408497
0.999999525712786,-0.000973947741814567
0.999999528635966,-0.000970941731211836
0.999999531550111,-0.000967935720600332
0.999999534455219,-0.000964929709980081
0.999999537351291,-0.000961923699351111
0.999999540238327,-0.000958917688713449
0.999999543116328,-0.000955911678067122
0.999999545985291,-0.000952905667412157
0.999999548845219,-0.000949899656748582
0.999999551696111,-0.000946893646076424
0.999999554537967,-0.000943887635395709
0.999999557370786,-0.000940881624706465
0.99999956019457,-0.000937875614008719
0.999999563009317,-0.000934869603302499
0.999999565815028,-0.00093186359258783
0.999999568611703,-0.000928857581864742
0.999999571399342,-0.00092585157113326
0.999999574177945,-0.000922845560393412
0.999999576947512,-0.000919839549645225
0.999999579708043,-0.000916833538888727
0.999999582459537,-0.000913827528123944
0.999999585201996,-0.000910821517350903
0.999999587935418,-0.000907815506569632
0.999999590659804,-0.000904809495780158
0.999999593375155,-0.000901803484982508
0.999999596081469,-0.000898797474176709
0.999999598778747,-0.000895791463362789
0.999999601466988,-0.000892785452540774
0.999999604146194,-0.000889779441710692
0.999999606816364,-0.000886773430872569
0.999999609477497,-0.000883767420026434
0.999999612129595,-0.000880761409172313
0.999999614772656,-0.000877755398310233
0.999999617406681,-0.000874749387440222
0.999999620031671,-0.000871743376562306
0.999999622647624,-0.000868737365676514
0.99999962525454,-0.000865731354782871
0.999999627852421,-0.000862725343881405
0.999999630441266,-0.000859719332972144
0.999999633021075,-0.000856713322055114
0.999999635591847,-0.000853707311130343
0.999999638153584,-0.000850701300197857
0.999999640706284,-0.000847695289257685
0.999999643249948,-0.000844689278309853
0.999999645784576,-0.000841683267354388
0.999999648310168,-0.000838677256391317
0.999999650826724,-0.000835671245420668
0.999999653334244,-0.000832665234442468
0.999999655832727,-0.000829659223456744
0.999999658322175,-0.000826653212463523
0.999999660802586,-0.000823647201462832
0.999999663273962,-0.000820641190454699
0.999999665736301,-0.00081763517943915
0.999999668189604,-0.000814629168416213
0.999999670633871,-0.000811623157385915
0.999999673069102,-0.000808617146348283
0.999999675495297,-0.000805611135303344
0.999999677912455,-0.000802605124251126
0.999999680320578,-0.000799599113191655
0.999999682719664,-0.000796593102124959
0.999999685109715,-0.000793587091051065
0.999999687490729,-0.00079058107997
0.999999689862707,-0.000787575068881791
0.999999692225649,-0.000784569057786466
0.999999694579555,-0.000781563046684051
0.999999696924425,-0.000778557035574574
0.999999699260259,-0.000775551024458061
0.999999701587057,-0.000772545013334541
0.999999703904818,-0.00076953900220404
0.999999706213544,-0.000766532991066585
0.999999708513233,-0.000763526979922204
0.999999710803886,-0.000760520968770924
0.999999713085503,-0.000757514957612771
0.999999715358084,-0.000754508946447773
0.999999717621629,-0.000751502935275958
0.999999719876138,-0.000748496924097352
0.999999722121611,-0.000745490912911982
0.999999724358047,-0.000742484901719876
0.999999726585448,-0.000739478890521061
0.999999728803812,-0.000736472879315564
0.999999731013141,-0.000733466868103412
0.999999733213433,-0.000730460856884632
0.999999735404689,-0.000727454845659252
0.999999737586909,-0.000724448834427298
0.999999739760093,-0.000721442823188799
0.99999974192424,-0.00071843681194378
0.999999744079352,-0.000715430800692269
0.999999746225428,-0.000712424789434294
0.999999748362467,-0.000709418778169881
0.99999975049047,-0.000706412766899058
0.999999752609438,-0.000703406755621851
0.999999754719369,-0.000700400744338289
0.999999756820264,-0.000697394733048397
0.999999758912122,-0.000694388721752204
0.999999760994945,-0.000691382710449736
0.999999763068732,-0.000688376699141021
0.999999765133483,-0.000685370687826085
0.999999767189197,-0.000682364676504957
0.999999769235875,-0.000679358665177662
0.999999771273518,-0.000676352653844229
0.999999773302124,-0.000673346642504684
0.999999775321694,-0.000670340631159055
0.999999777332228,-0.000667334619807369
0.999999779333726,-0.000664328608449652
0.999999781326187,-0.000661322597085932
0.999999783309613,-0.000658316585716237
0.999999785284003,-0.000655310574340593
0.999999787249356,-0.000652304562959028
0.999999789205673,-0.000649298551571568
0.999999791152954,-0.000646292540178241
0.9999997930912,-0.000643286528779074
0.999999795020408,-0.000640280517374095
0.999999796940581,-0.000637274505963329
0.999999798851718,-0.000634268494546806
0.999999800753819,-0.00063126248312455
0.999999802646883,-0.000628256471696591
0.999999804530912,-0.000625250460262955
0.999999806405904,-0.000622244448823669
0.99999980827186,-0.00061923843737876
0.999999810128781,-0.000616232425928256
0.999999811976665,-0.000613226414472183
0.999999813815513,-0.00061022040301057
0.999999815645324,-0.000607214391543442
0.9999998174661,-0.000604208380070827
0.99999981927784,-0.000601202368592753
0.999999821080543,-0.000598196357109246
0.999999822874211,-0.000595190345620334
0.999999824658842,-0.000592184334126044
0.999999826434437,-0.000589178322626402
0.999999828200996,-0.000586172311121437
0.999999829958519,-0.000583166299611175
0.999999831707006,-0.000580160288095643
0.999999833446457,-0.000577154276574869
0.999999835176871,-0.00057414826504888
0.99999983689825,-0.000571142253517703
0.999999838610592,-0.000568136241981364
0.999999840313899,-0.000565130230439892
0.999999842008169,-0.000562124218893314
0.999999843693403,-0.000559118207341656
0.999999845369601,-0.000556112195784946
0.999999847036763,-0.00055310618422321
0.999999848694889,-0.000550100172656477
0.999999850343978,-0.000547094161084773
0.999999851984032,-0.000544088149508126
0.999999853615049,-0.000541082137926562
0.999999855237031,-0.000538076126340109
0.999999856849976,-0.000535070114748793
0.999999858453885,-0.000532064103152643
0.999999860048758,-0.000529058091551685
0.999999861634595,-0.000526052079945946
0.999999863211396,-0.000523046068335454
0.999999864779161,-0.000520040056720235
0.999999866337889,-0.000517034045100317
0.999999867887582,-0.000514028033475728
0.999999869428238,-0.000511022021846493
0.999999870959858,-0.000508016010212641
0.999999872482442,-0.000505009998574199
0.999999873995991,-0.000502003986931193
0.999999875500503,-0.000498997975283651
0.999999876995978,-0.0004959919636316
0.999999878482418,-0.000492985951975067
0.999999879959822,-0.000489979940314079
0.999999881428189,-0.000486973928648664
0.999999882887521,-0.000483967916978848
0.999999884337816,-0.00048096190530466
0.999999885779075,-0.000477955893626125
0.999999887211299,-0.000474949881943272
0.999999888634485,-0.000471943870256126
0.999999890048636,-0.000468937858564717
0.999999891453751,-0.000465931846869069
0.99999989284983,-0.000462925835169212
0.999999894236872,-0.000459919823465172
0.999999895614879,-0.000456913811756975
0.999999896983849,-0.000453907800044651
0.999999898343783,-0.000450901788328224
0.999999899694682,-0.000447895776607723
0.999999901036544,-0.000444889764883175
0.99999990236937,-0.000441883753154607
0.999999903693159,-0.000438877741422045
0.999999905007913,-0.000435871729685518
0.999999906313631,-0.000432865717945053
0.999999907610312,-0.000429859706200676
0.999999908897958,-0.000426853694452415
0.999999910176567,-0.000423847682700296
0.99999991144614,-0.000420841670944348
0.999999912706677,-0.000417835659184597
0.999999913958178,-0.000414829647421071
0.999999915200643,-0.000411823635653796
0.999999916434072,-0.000408817623882799
0.999999917658464,-0.000405811612108109
0.999999918873821,-0.000402805600329751
0.999999920080141,-0.000399799588547754
0.999999921277426,-0.000396793576762144
0.999999922465674,-0.000393787564972949
0.999999923644886,-0.000390781553180195
0.999999924815062,-0.000387775541383911
0.999999925976202,-0.000384769529584122
0.999999927128306,-0.000381763517780856
0.999999928271373,-0.000378757505974141
0.999999929405405,-0.000375751494164004
0.9999999305304,-0.000372745482350471
0.99999993164636,-0.000369739470533569
0.999999932753283,-0.000366733458713327
0.99999993385117,-0.000363727446889771
0.999999934940021,-0.000360721435062928
0.999999936019836,-0.000357715423232826
0.999999937090615,-0.000354709411399491
0.999999938152357,-0.000351703399562952
0.999999939205064,-0.000348697387723234
0.999999940248735,-0.000345691375880365
0.999999941283369,-0.000342685364034373
0.999999942308967,-0.000339679352185284
0.999999943325529,-0.000336673340333126
0.999999944333055,-0.000333667328477925
0.999999945331545,-0.000330661316619709
0.999999946320999,-0.000327655304758506
0.999999947301417,-0.000324649292894342
0.999999948272799,-0.000321643281027244
0.999999949235144,-0.00031863726915724
0.999999950188453,-0.000315631257284356
0.999999951132727,-0.000312625245408621
0.999999952067964,-0.00030961923353006
0.999999952994165,-0.000306613221648702
0.99999995391133,-0.000303607209764573
0.999999954819459,-0.000300601197877701
0.999999955718552,-0.000297595185988113
0.999999956608608,-0.000294589174095835
0.999999957489629,-0.000291583162200896
0.999999958361613,-0.000288577150303322
0.999999959224562,-0.00028557113840314
0.999999960078474,-0.000282565126500377
0.99999996092335,-0.000279559114595062
0.99999996175919,-0.00027655310268722
0.999999962585994,-0.000273547090776879
0.999999963403762,-0.000270541078864067
0.999999964212493,-0.00026753506694881
0.999999965012189,-0.000264529055031135
0.999999965802848,-0.00026152304311107
0.999999966584472,-0.000258517031188642
0.999999967357059,-0.000255511019263878
0.99999996812061,-0.000252505007336805
0.999999968875125,-0.00024949899540745
0.999999969620604,-0.000246492983475841
0.999999970357047,-0.000243486971542005
0.999999971084454,-0.000240480959605968
0.999999971802824,-0.000237474947667759
0.999999972512159,-0.000234468935727403
0.999999973212457,-0.000231462923784929
0.999999973903719,-0.000228456911840363
0.999999974585946,-0.000225450899893733
0.999999975259136,-0.000222444887945066
0.99999997592329,-0.000219438875994389
0.999999976578407,-0.000216432864041729
0.999999977224489,-0.000213426852087113
0.999999977861535,-0.000210420840130569
0.999999978489544,-0.000207414828172123
0.999999979108518,-0.000204408816211803
0.999999979718455,-0.000201402804249636
0.999999980319356,-0.000198396792285649
0.999999980911221,-0.000195390780319869
0.99999998149405,-0.000192384768352324
0.999999982067843,-0.00018937875638304
0.9999999826326,-0.000186372744412045
0.999999983188321,-0.000183366732439366
0.999999983735005,-0.00018036072046503
0.999999984272654,-0.000177354708489065
0.999999984801266,-0.000174348696511496
0.999999985320842,-0.000171342684532353
0.999999985831382,-0.000168336672551661
0.999999986332886,-0.000165330660569448
0.999999986825354,-0.000162324648585741
0.999999987308786,-0.000159318636600567
0.999999987783182,-0.000156312624613953
0.999999988248541,-0.000153306612625927
0.999999988704865,-0.000150300600636516
0.999999989152152,-0.000147294588645747
0.999999989590403,-0.000144288576653647
0.999999990019618,-0.000141282564660243
0.999999990439797,-0.000138276552665562
0.99999999085094,-0.000135270540669632
0.999999991253047,-0.000132264528672479
0.999999991646118,-0.000129258516674131
0.999999992030153,-0.000126252504674616
0.999999992405151,-0.000123246492673959
0.999999992771113,-0.000120240480672189
0.99999999312804,-0.000117234468669332
0.99999999347593,-0.000114228456665416
0.999999993814784,-0.000111222444660468
0.999999994144602,-0.000108216432654515
0.999999994465384,-0.000105210420647584
0.999999994777129,-0.000102204408639702
0.999999995079839,-9.91983966308965e-05
0.999999995373513,-9.61923846211948e-05
0.99999999565815,-9.31863726106239e-05
0.999999995933751,-9.0180360599211e-05
0.999999996200316,-8.71743485869832e-05
0.999999996457846,-8.41683365739676e-05
0.999999996706339,-8.11623245601915e-05
0.999999996945795,-7.8156312545682e-05
0.999999997176216,-7.51503005304663e-05
0.999999997397601,-7.21442885145716e-05
0.999999997609949,-6.91382764980249e-05
0.999999997813262,-6.61322644808535e-05
0.999999998007538,-6.31262524630845e-05
0.999999998192778,-6.01202404447451e-05
0.999999998368982,-5.71142284258624e-05
0.99999999853615,-5.41082164064636e-05
0.999999998694282,-5.1102204386576e-05
0.999999998843378,-4.80961923662265e-05
0.999999998983438,-4.50901803454425e-05
0.999999999114461,-4.2084168324251e-05
0.999999999236449,-3.90781563026792e-05
0.9999999993494,-3.60721442807543e-05
0.999999999453315,-3.30661322585035e-05
0.999999999548195,-3.00601202359538e-05
0.999999999634038,-2.70541082131326e-05
0.999999999710845,-2.40480961900669e-05
0.999999999778615,-2.10420841667839e-05
0.99999999983735,-1.80360721433107e-05
0.999999999887049,-1.50300601196746e-05
0.999999999927711,-1.20240480959026e-05
0.999999999959338,-9.01803607202206e-06
0.999999999981928,-6.01202404805998e-06
0.999999999995482,-3.00601202404357e-06
1,0
0.999999999995482,3.00601202404357e-06
0.999999999981928,6.01202404805998e-06
0.999999999959338,9.01803607202206e-06
0.999999999927711,1.20240480959026e-05
0.999999999887049,1.50300601196746e-05
0.99999999983735,1.80360721433107e-05
0.999999999778615,2.10420841667839e-05
0.999999999710845,2.40480961900669e-05
0.999999999634038,2.70541082131326e-05
0.999999999548195,3.00601202359538e-05
0.999999999453315,3.30661322585035e-05
0.9999999993494,3.60721442807543e-05
0.999999999236449,3.90781563026792e-05
0.999999999114461,4.2084168324251e-05
0.999999998983438,4.50901803454425e-05
0.999999998843378,4.80961923662265e-05
0.999999998694282,5.1102204386576e-05
0.99999999853615,5.41082164064636e-05
0.999999998368982,5.71142284258624e-05
0.999999998192778,6.01202404447451e-05
0.999999998007538,6.31262524630845e-05
0.999999997813262,6.61322644808535e-05
0.999999997609949,6.91382764980249e-05
0.999999997397601,7.21442885145716e-05
0.999999997176216,7.51503005304663e-05
0.999999996945795,7.8156312545682e-05
0.999999996706339,8.11623245601915e-05
0.999999996457846,8.41683365739676e-05
0.999999996200316,8.71743485869832e-05
0.999999995933751,9.0180360599211e-05
0.99999999565815,9.31863726106239e-05
0.999999995373513,9.61923846211948e-05
0.999999995079839,9.91983966308965e-05
0.999999994777129,0.000102204408639702
0.999999994465384,0.000105210420647584
0.999999994144602,0.000108216432654515
0.999999993814784,0.000111222444660468
0.99999999347593,0.000114228456665416
0.99999999312804,0.000117234468669332
0.999999992771113,0.000120240480672189
0.999999992405151,0.000123246492673959
0.999999992030153,0.000126252504674616
0.999999991646118,0.000129258516674131
0.999999991253047,0.000132264528672479
0.99999999085094,0.000135270540669632
0.999999990439797,0.000138276552665562
0.999999990019618,0.000141282564660243
0.999999989590403,0.000144288576653647
0.999999989152152,0.000147294588645747
0.999999988704865,0.000150300600636516
0.999999988248541,0.000153306612625927
0.999999987783182,0.000156312624613953
0.999999987308786,0.000159318636600567
0.999999986825354,0.000162324648585741
0.999999986332886,0.000165330660569448
0.999999985831382,0.000168336672551661
0.999999985320842,0.000171342684532353
0.999999984801266,0.000174348696511496
0.999999984272654,0.000177354708489065
0.999999983735005,0.00018036072046503
0.999999983188321,0.000183366732439366
0.9999999826326,0.000186372744412045
0.999999982067843,0.00018937875638304
0.99999998149405,0.000192384768352324
0.999999980911221,0.000195390780319869
0.999999980319356,0.000198396792285649
0.999999979718455,0.000201402804249636
0.999999979108518,0.000204408816211803
0.999999978489544,0.000207414828172123
0.999999977861535,0.000210420840130569
0.999999977224489,0.000213426852087113
0.999999976578407,0.000216432864041729
0.99999997592329,0.000219438875994389
0.999999975259136,0.000222444887945066
0.999999974585946,0.000225450899893733
0.999999973903719,0.000228456911840363
0.999999973212457,0.000231462923784929
0.999999972512159,0.000234468935727403
0.999999971802824,0.000237474947667759
0.999999971084454,0.000240480959605968
0.999999970357047,0.000243486971542005
0.999999969620604,0.000246492983475841
0.999999968875125,0.00024949899540745
0.99999996812061,0.000252505007336805
0.999999967357059,0.000255511019263878
0.999999966584472,0.000258517031188642
0.999999965802848,0.00026152304311107
0.999999965012189,0.000264529055031135
0.999999964212493,0.00026753506694881
0.999999963403762,0.000270541078864067
0.999999962585994,0.000273547090776879
0.99999996175919,0.00027655310268722
0.99999996092335,0.000279559114595062
0.999999960078474,0.000282565126500377
0.999999959224562,0.00028557113840314
0.999999958361613,0.000288577150303322
0.999999957489629,0.000291583162200896
0.999999956608608,0.000294589174095835
0.999999955718552,0.000297595185988113
0.999999954819459,0.000300601197877701
0.99999995391133,0.000303607209764573
0.999999952994165,0.000306613221648702
0.999999952067964,0.00030961923353006
0.999999951132727,0.000312625245408621
0.999999950188453,0.000315631257284356
0.999999949235144,0.00031863726915724
0.999999948272799,0.000321643281027244
0.999999947301417,0.000324649292894342
0.999999946320999,0.000327655304758506
0.999999945331545,0.000330661316619709
0.999999944333055,0.000333667328477925
0.999999943325529,0.000336673340333126
0.999999942308967,0.000339679352185284
0.999999941283369,0.000342685364034373
0.999999940248735,0.000345691375880365
0.999999939205064,0.000348697387723234
0.999999938152357,0.000351703399562952
0.999999937090615,0.000354709411399491
0.999999936019836,0.000357715423232826
0.999999934940021,0.000360721435062928
0.99999993385117,0.000363727446889771
0.999999932753283,0.000366733458713327
0.99999993164636,0.000369739470533569
0.9999999305304,0.000372745482350471
0.999999929405405,0.000375751494164004
0.999999928271373,0.000378757505974141
0.999999927128306,0.000381763517780856
0.999999925976202,0.000384769529584122
0.999999924815062,0.000387775541383911
0.999999923644886,0.000390781553180195
0.999999922465674,0.000393787564972949
0.999999921277426,0.000396793576762144
0.999999920080141,0.000399799588547754
0.999999918873821,0.000402805600329751
0.999999917658464,0.000405811612108109
0.999999916434072,0.000408817623882799
0.999999915200643,0.000411823635653796
0.999999913958178,0.000414829647421071
0.999999912706677,0.000417835659184597
0.99999991144614,0.000420841670944348
0.999999910176567,0.000423847682700296
0.999999908897958,0.000426853694452415
0.999999907610312,0.000429859706200676
0.999999906313631,0.000432865717945053
0.999999905007913,0.000435871729685518
0.999999903693159,0.000438877741422045
0.99999990236937,0.000441883753154607
0.999999901036544,0.000444889764883175
0.999999899694682,0.000447895776607723
0.999999898343783,0.000450901788328224
0.999999896983849,0.000453907800044651
0.999999895614879,0.000456913811756975
0.999999894236872,0.000459919823465172
0.99999989284983,0.000462925835169212
0.999999891453751,0.000465931846869069
0.999999890048636,0.000468937858564717
0.999999888634485,0.000471943870256126
0.999999887211299,0.000474949881943272
0.999999885779075,0.000477955893626125
0.999999884337816,0.00048096190530466
0.999999882887521,0.000483967916978848
0.999999881428189,0.000486973928648664
0.999999879959822,0.000489979940314079
0.999999878482418,0.000492985951975067
0.999999876995978,0.0004959919636316
0.999999875500503,0.000498997975283651
0.999999873995991,0.000502003986931193
0.999999872482442,0.000505009998574199
0.999999870959858,0.000508016010212641
0.999999869428238,0.000511022021846493
0.999999867887582,0.000514028033475728
0.999999866337889,0.000517034045100317
0.999999864779161,0.000520040056720235
0.999999863211396,0.000523046068335454
0.999999861634595,0.000526052079945946
0.999999860048758,0.000529058091551685
0.999999858453885,0.000532064103152643
0.999999856849976,0.000535070114748793
0.999999855237031,0.000538076126340109
0.999999853615049,0.000541082137926562
0.999999851984032,0.000544088149508126
0.999999850343978,0.000547094161084773
0.999999848694889,0.000550100172656477
0.999999847036763,0.00055310618422321
0.999999845369601,0.000556112195784946
0.999999843693403,0.000559118207341656
0.999999842008169,0.000562124218893314
0.999999840313899,0.000565130230439892
0.999999838610592,0.000568136241981364
0.99999983689825,0.000571142253517703
0.999999835176871,0.00057414826504888
0.999999833446457,0.000577154276574869
0.999999831707006,0.000580160288095643
0.999999829958519,0.000583166299611175
0.999999828200996,0.000586172311121437
0.999999826434437,0.000589178322626402
0.999999824658842,0.000592184334126044
0.999999822874211,0.000595190345620334
0.999999821080543,0.000598196357109246
0.99999981927784,0.000601202368592753
0.9999998174661,0.000604208380070827
0.999999815645324,0.000607214391543442
0.999999813815513,0.00061022040301057
0.999999811976665,0.000613226414472183
0.999999810128781,0.000616232425928256
0.99999980827186,0.00061923843737876
0.999999806405904,0.000622244448823669
0.999999804530912,0.000625250460262955
0.999999802646883,0.000628256471696591
0.999999800753819,0.00063126248312455
0.999999798851718,0.000634268494546806
0.999999796940581,0.000637274505963329
0.999999795020408,0.000640280517374095
0.9999997930912,0.000643286528779074
0.999999791152954,0.000646292540178241
0.999999789205673,0.000649298551571568
0.999999787249356,0.000652304562959028
0.999999785284003,0.000655310574340593
0.999999783309613,0.000658316585716237
0.999999781326187,0.000661322597085932
0.999999779333726,0.000664328608449652
0.999999777332228,0.000667334619807369
0.999999775321694,0.000670340631159055
0.999999773302124,0.000673346642504684
0.999999771273518,0.000676352653844229
0.999999769235875,0.000679358665177662
0.999999767189197,0.000682364676504957
0.999999765133483,0.000685370687826085
0.999999763068732,0.000688376699141021
0.999999760994945,0.000691382710449736
0.999999758912122,0.000694388721752204
0.999999756820264,0.000697394733048397
0.999999754719369,0.000700400744338289
0.999999752609438,0.000703406755621851
0.99999975049047,0.000706412766899058
0.999999748362467,0.000709418778169881
0.999999746225428,0.000712424789434294
0.999999744079352,0.000715430800692269
0.99999974192424,0.00071843681194378
0.999999739760093,0.000721442823188799
0.999999737586909,0.000724448834427298
0.999999735404689,0.000727454845659252
0.999999733213433,0.000730460856884632
0.999999731013141,0.000733466868103412
0.999999728803812,0.000736472879315564
0.999999726585448,0.000739478890521061
0.999999724358047,0.000742484901719876
0.999999722121611,0.000745490912911982
0.999999719876138,0.000748496924097352
0.999999717621629,0.000751502935275958
0.999999715358084,0.000754508946447773
0.999999713085503,0.000757514957612771
0.999999710803886,0.000760520968770924
0.999999708513233,0.000763526979922204
0.999999706213544,0.000766532991066585
0.999999703904818,0.00076953900220404
0.999999701587057,0.000772545013334541
0.999999699260259,0.000775551024458061
0.999999696924425,0.000778557035574574
0.999999694579555,0.000781563046684051
0.999999692225649,0.000784569057786466
0.999999689862707,0.000787575068881791
0.999999687490729,0.00079058107997
0.999999685109715,0.000793587091051065
0.999999682719664,0.000796593102124959
0.999999680320578,0.000799599113191655
0.999999677912455,0.000802605124251126
0.999999675495297,0.000805611135303344
0.999999673069102,0.000808617146348283
0.999999670633871,0.000811623157385915
0.999999668189604,0.000814629168416213
0.999999665736301,0.00081763517943915
0.999999663273962,0.000820641190454699
0.999999660802586,0.000823647201462832
0.999999658322175,0.000826653212463523
0.999999655832727,0.000829659223456744
0.999999653334244,0.000832665234442468
0.999999650826724,0.000835671245420668
0.999999648310168,0.000838677256391317
0.999999645784576,0.000841683267354388
0.999999643249948,0.000844689278309853
0.999999640706284,0.000847695289257685
0.999999638153584,0.000850701300197857
0.999999635591847,0.000853707311130343
0.999999633021075,0.000856713322055114
0.999999630441266,0.000859719332972144
0.999999627852421,0.000862725343881405
0.99999962525454,0.000865731354782871
0.999999622647624,0.000868737365676514
0.999999620031671,0.000871743376562306
0.999999617406681,0.000874749387440222
0.999999614772656,0.000877755398310233
0.999999612129595,0.000880761409172313
0.999999609477497,0.000883767420026434
0.999999606816364,0.000886773430872569
0.999999604146194,0.000889779441710692
0.999999601466988,0.000892785452540774
0.999999598778747,0.000895791463362789
0.999999596081469,0.000898797474176709
0.999999593375155,0.000901803484982508
0.999999590659804,0.000904809495780158
0.999999587935418,0.000907815506569632
0.999999585201996,0.000910821517350903
0.999999582459537,0.000913827528123944
0.999999579708043,0.000916833538888727
0.999999576947512,0.000919839549645225
0.999999574177945,0.000922845560393412
0.999999571399342,0.00092585157113326
0.999999568611703,0.000928857581864742
0.999999565815028,0.00093186359258783
0.999999563009317,0.000934869603302499
0.99999956019457,0.000937875614008719
0.999999557370786,0.000940881624706465
0.999999554537967,0.000943887635395709
0.999999551696111,0.000946893646076424
0.999999548845219,0.000949899656748582
0.999999545985291,0.000952905667412157
0.999999543116328,0.000955911678067122
0.999999540238327,0.000958917688713449
0.999999537351291,0.000961923699351111
0.999999534455219,0.000964929709980081
0.999999531550111,0.000967935720600332
0.999999528635966,0.000970941731211836
0.999999525712786,0.000973947741814567
0.999999522780569,0.000976953752408497
0.999999519839316,0.000979959762993599
0.999999516889027,0.000982965773569847
0.999999513929702,0.000985971784137212
0.999999510961341,0.000988977794695667
0.999999507983944,0.000991983805245187
0.999999504997511,0.000994989815785742
0.999999502002041,0.000997995826317307
0.999999498997536,0.00100100183683985
0.999999495983994,0.00100400784735336
0.999999492961417,0.00100701385785778
0.999999489929803,0.00101001986835311
0.999999486889153,0.00101302587883932
0.999999483839467,0.00101603188931637
0.999999480780745,0.00101903789978423
0.999999477712986,0.00102204391024289
0.999999474636192,0.00102504992069232
0.999999471550362,0.00102805593113248
0.999999468455495,0.00103106194156336
0.999999465351592,0.00103406795198491
0.999999462238654,0.00103707396239712
0.999999459116679,0.00104007997279996
0.999999455985668,0.00104308598319341
0.999999452845621,0.00104609199357742
0.999999449696538,0.00104909800395199
0.999999446538418,0.00105210401431707
0.999999443371263,0.00105511002467265
0.999999440195071,0.0010581160350187
0.999999437009844,0.00106112204535518
0.99999943381558,0.00106412805568207
0.99999943061228,0.00106713406599935
0.999999427399945,0.00107014007630699
0.999999424178573,0.00107314608660495
0.999999420948165,0.00107615209689322
0.99999941770872,0.00107915810717177
0.99999941446024,0.00108216411744056
0.999999411202724,0.00108517012769957
0.999999407936171,0.00108817613794878
0.999999404660583,0.00109118214818816
0.999999401375958,0.00109418815841768
0.999999398082297,0.0010971941686373
0.9999993947796,0.00110020017884702
0.999999391467867,0.00110320618904679
0.999999388147098,0.0011062121992366
0.999999384817293,0.0011092182094164
0.999999381478451,0.00111222421958619
0.999999378130574,0.00111523022974593
0.99999937477366,0.00111823623989558
0.999999371407711,0.00112124225003514
0.999999368032725,0.00112424826016456
0.999999364648703,0.00112725427028382
0.999999361255645,0.0011302602803929
0.999999357853551,0.00113326629049176
0.999999354442421,0.00113627230058039
0.999999351022255,0.00113927831065874
0.999999347593053,0.0011422843207268
0.999999344154814,0.00114529033078454
0.999999340707539,0.00114829634083193
0.999999337251229,0.00115130235086895
0.999999333785882,0.00115430836089556
0.999999330311499,0.00115731437091174
0.99999932682808,0.00116032038091746
0.999999323335625,0.0011633263909127
0.999999319834134,0.00116633240089743
0.999999316323607,0.00116933841087161
0.999999312804043,0.00117234442083524
0.999999309275444,0.00117535043078826
0.999999305737808,0.00117835644073067
0.999999302191137,0.00118136245066243
0.999999298635429,0.00118436846058351
0.999999295070685,0.0011873744704939
0.999999291496905,0.00119038048039355
0.999999287914089,0.00119338649028244
0.999999284322237,0.00119639250016056
0.999999280721348,0.00119939851002786
0.999999277111424,0.00120240451988432
0.999999273492464,0.00120541052972992
0.999999269864467,0.00120841653956463
0.999999266227434,0.00121142254938842
0.999999262581365,0.00121442855920126
0.999999258926261,0.00121743456900313
0.99999925526212,0.00122044057879399
0.999999251588942,0.00122344658857383
0.999999247906729,0.00122645259834262
0.99999924421548,0.00122945860810032
0.999999240515195,0.00123246461784691
0.999999236805873,0.00123547062758236
0.999999233087515,0.00123847663730665
0.999999229360122,0.00124148264701975
0.999999225623692,0.00124448865672164
0.999999221878226,0.00124749466641227
0.999999218123724,0.00125050067609164
0.999999214360186,0.0012535066857597
0.999999210587612,0.00125651269541644
0.999999206806001,0.00125951870506182
0.999999203015355,0.00126252471469582
0.999999199215672,0.00126553072431842
0.999999195406954,0.00126853673392958
0.999999191589199,0.00127154274352927
0.999999187762408,0.00127454875311748
0.999999183926581,0.00127755476269417
0.999999180081718,0.00128056077225931
0.999999176227819,0.00128356678181289
0.999999172364884,0.00128657279135486
0.999999168492912,0.00128957880088521
0.999999164611905,0.00129258481040391
0.999999160721861,0.00129559081991092
0.999999156822782,0.00129859682940623
0.999999152914666,0.00130160283888981
0.999999148997514,0.00130460884836162
0.999999145071326,0.00130761485782165
0.999999141136102,0.00131062086726986
0.999999137191842,0.00131362687670623
0.999999133238546,0.00131663288613072
0.999999129276214,0.00131963889554332
0.999999125304845,0.001322644904944
0.999999121324441,0.00132565091433272
0.999999117335,0.00132865692370947
0.999999113336523,0.00133166293307421
0.99999910932901,0.00133466894242691
0.999999105312462,0.00133767495176756
0.999999101286876,0.00134068096109612
0.999999097252255,0.00134368697041256
0.999999093208598,0.00134669297971686
0.999999089155905,0.00134969898900899
0.999999085094175,0.00135270499828893
0.99999908102341,0.00135571100755665
0.999999076943608,0.00135871701681211
0.99999907285477,0.0013617230260553
0.999999068756896,0.00136472903528618
0.999999064649987,0.00136773504450473
0.999999060534041,0.00137074105371092
0.999999056409058,0.00137374706290472
0.99999905227504,0.00137675307208611
0.999999048131986,0.00137975908125506
0.999999043979895,0.00138276509041155
0.999999039818769,0.00138577109955554
0.999999035648606,0.001388777108687
0.999999031469407,0.00139178311780592
0.999999027281173,0.00139478912691226
0.999999023083902,0.001397795136006
0.999999018877595,0.0014008011450871
0.999999014662251,0.00140380715415555
0.999999010437872,0.00140681316321132
0.999999006204457,0.00140981917225437
0.999999001962006,0.00141282518128468
0.999998997710518,0.00141583119030223
0.999998993449994,0.00141883719930698
0.999998989180435,0.00142184320829891
0.999998984901839,0.001424849217278
0.999998980614207,0.0014278552262442
0.999998976317539,0.00143086123519751
0.999998972011835,0.00143386724413789
0.999998967697095,0.00143687325306531
0.999998963373318,0.00143987926197974
0.999998959040506,0.00144288527088117
0.999998954698657,0.00144589127976956
0.999998950347773,0.00144889728864488
0.999998945987852,0.00145190329750711
0.999998941618895,0.00145490930635622
0.999998937240902,0.00145791531519219
0.999998932853873,0.00146092132401498
0.999998928457808,0.00146392733282456
0.999998924052707,0.00146693334162093
0.999998919638569,0.00146993935040403
0.999998915215396,0.00147294535917385
0.999998910783187,0.00147595136793037
0.999998906341941,0.00147895737667354
0.999998901891659,0.00148196338540336
0.999998897432341,0.00148496939411978
0.999998892963988,0.00148797540282278
0.999998888486598,0.00149098141151234
0.999998884000171,0.00149398742018842
0.999998879504709,0.00149699342885101
0.999998875000211,0.00149999943750006
